0.0 0.005032008446981164
0.001 0.0190721611424099
0.002 0.03138083037369031
0.003 0.04525854112365524
0.004 0.05224723664099592
0.005 0.061672561340293724
0.006 0.06905628613410321
0.007 0.07402184105794009
0.008 0.07883972148590078
0.009 0.08515280618460788
0.01 0.0881247554141162
0.011 0.09094164642295452
0.012 0.0945079854983645
0.013 0.0976977546092902
0.014 0.10450185700678565
0.015 0.10848906839544277
0.016 0.11029438910752919
0.017 0.11266825662873893
0.018 0.11726462531288534
0.019 0.12094541212259936
0.02 0.12499538517200387
0.021 0.12624692652455458
0.022 0.12800056116308434
0.023 0.1293776258371298
0.024 0.1334275988865343
0.025 0.13860358996699476
0.026 0.14847932187871493
0.027 0.15168016657683134
0.028 0.15433461564020587
0.029 0.15691522745564226
0.03 0.15993147903391344
0.031 0.16275206190514868
0.032 0.16422142313911675
0.033 0.170257618158056
0.034 0.17339570119542505
0.035 0.1752268649442898
0.036 0.17710602290431432
0.037 0.18361108444766047
0.038 0.18641689986930807
0.039 0.18763152259788973
0.04 0.18872800572977044
0.041 0.19371201996559184
0.042 0.19567609076074516
0.043 0.1970273123980123
0.044 0.19819024905303728
0.045 0.1998958894804073
0.046 0.20141324492553514
0.047 0.20235466983674585
0.048 0.20346222855581728
0.049 0.20844255092924177
0.05 0.21028848212769413
0.051 0.21464857161843864
0.052 0.21784941631655505
0.053 0.22323584355363907
0.054 0.22617087415917833
0.055 0.2299587249784026
0.056 0.23154253394667473
0.057 0.23289375558394187
0.058 0.23606137352048615
0.059 0.2368182053118516
0.06 0.2388413459053554
0.061 0.24004858490914327
0.062 0.2412410564633435
0.063 0.24229692910885825
0.064 0.2464613498925668
0.065 0.25203606211189294
0.066 0.25768461157915723
0.067 0.26200039872113884
0.068 0.26721330842556834
0.069 0.27093839758404525
0.07 0.2742352307044812
0.071 0.27692290652942786
0.072 0.2786950004799421
0.073 0.2819216882148369
0.074 0.2885375056300902
0.075 0.29085968707774323
0.076 0.2954966662482556
0.077 0.3019611173052358
0.078 0.30618091602489794
0.079 0.31236478553971336
0.08 0.3148051065840674
0.081 0.32340714596885545
0.082 0.3319095050689271
0.083 0.33709657173657825
0.084 0.34013497448923086
0.085 0.340788434133483
0.086 0.344159104501857
0.087 0.3474337864479115
0.088 0.35258762635399055
0.089 0.35982367665192383
0.09 0.36200556732849454
0.091 0.36481138275014213
0.092 0.36710402929861996
0.093 0.36906071636897947
0.094 0.3724978402604978
0.095 0.37338019537335804
0.096 0.380398425789874
0.097 0.3839795323148716
0.098 0.38833223808082223
0.099 0.39377035139146294
0.1 0.3965281726019508
0.101 0.3994779706570777
0.102 0.4057762879061972
0.103 0.41146913972222426
0.104 0.4172764392725554
0.105 0.42251150015136635
0.106 0.4253025481234263
0.107 0.4305892950757939
0.108 0.44195284753346675
0.109 0.4440165986133365
0.11 0.4475312516151898
0.111 0.45319456853204165
0.112 0.459035094843945
0.113 0.4684345765064645
0.114 0.47582937688746463
0.115 0.4783140002805815
0.116 0.4848375211359122
0.117 0.4893637444345174
0.118 0.49506028811294145
0.119 0.4989219761801038
0.12 0.5024218617323695
0.121 0.5088567778901745
0.122 0.5129805881875171
0.123 0.5202609408342133
0.124 0.5260756241093382
0.125 0.5294019921289493
0.126 0.5311703942170667
0.127 0.5421573767102552
0.128 0.5456535704001241
0.129 0.5475216527729578
0.13 0.5493934270081886
0.131 0.5556363663213545
0.132 0.5566405528933126
0.133 0.5595165137005014
0.134 0.5688163150783044
0.135 0.5730988754587139
0.136 0.5770971624345618
0.137 0.5797589952227301
0.138 0.5856105971218241
0.139 0.5861496090317722
0.14 0.5885160928281881
0.141 0.5902438844299396
0.142 0.5935517931375662
0.143 0.5957558349885184
0.144 0.599447697385423
0.145 0.6033499959389513
0.146 0.6054728168171716
0.147 0.6142077632482482
0.148 0.6182023583616991
0.149 0.6243234662157672
0.15 0.6269114617559974
0.151 0.6341069015675648
0.152 0.6382676304888765
0.153 0.6410808296353179
0.154 0.6443185929574033
0.155 0.6485974614754159
0.156 0.649874845864745
0.157 0.6562876108481684
0.158 0.6593223217384242
0.159 0.6642804929374673
0.16 0.6657092436850693
0.161 0.6660193601264094
0.162 0.6709886069126432
0.163 0.6746509344103726
0.164 0.6765596272695724
0.165 0.683393264566243
0.166 0.6896620469161874
0.167 0.6907474544608774
0.168 0.6921503621717011
0.169 0.6942436481507461
0.17 0.6950521660156682
0.171 0.7002872268944792
0.172 0.7013726344391692
0.173 0.7060612996832382
0.174 0.7105063020091115
0.175 0.7165018865416848
0.176 0.7197027312398012
0.177 0.7267468046930955
0.178 0.7330857324285809
0.179 0.7348799775534767
0.18 0.735485442986569
0.181 0.7388118110061802
0.182 0.7417062311253535
0.183 0.7436924530948883
0.184 0.7469265245545768
0.185 0.7505777764651156
0.186 0.7523572541404236
0.187 0.7566915005943898
0.188 0.7598037405949806
0.189 0.7613580146640775
0.19 0.7647139175828639
0.191 0.7707759556385815
0.192 0.7762842143347634
0.193 0.7770152030893505
0.194 0.7812534611209971
0.195 0.7835128809079028
0.196 0.7877363714899618
0.197 0.7892278838983113
0.198 0.7902062274334911
0.199 0.7929529730567882
0.2 0.7968848065094918
0.201 0.8008830934853396
0.202 0.8031941993458019
0.203 0.8057452762620632
0.204 0.8102198134871117
0.205 0.8139818212695576
0.206 0.8147091181617478
0.207 0.8162264736068757
0.208 0.8191061262764614
0.209 0.8241935126593961
0.21 0.8250611003226688
0.211 0.8289006372154497
0.212 0.831758138710654
0.213 0.8330502905495706
0.214 0.8365797110010116
0.215 0.8372811648564235
0.216 0.8406629108119882
0.217 0.8451522154866243
0.218 0.8460271868746908
0.219 0.8472565770528601
0.22 0.849704281822008
0.221 0.8502026832455901
0.222 0.8544926273507933
0.223 0.8559915234839367
0.224 0.8560653607318748
0.225 0.8600710314325164
0.226 0.8626479513855559
0.227 0.8630798992859938
0.228 0.8653134760361212
0.229 0.8669046687291871
0.23 0.8676688842453464
0.231 0.8690496407817888
0.232 0.8719403690385652
0.233 0.8766179586954435
0.234 0.8794717683282509
0.235 0.8805682514601316
0.236 0.8841788928843044
0.237 0.8855227307967778
0.238 0.886172498578633
0.239 0.8876640109869824
0.24 0.891363257108681
0.241 0.891558925815717
0.242 0.8931685778207674
0.243 0.8984664003603258
0.244 0.899116168142181
0.245 0.9008661109183138
0.246 0.9010433203133653
0.247 0.9023686989138541
0.248 0.9030406178700907
0.249 0.9037826822118686
0.25 0.9049751537660689
0.251 0.9054071016665067
0.252 0.9062303869810164
0.253 0.9084602718687469
0.254 0.9120856807425074
0.255 0.913067716140084
0.256 0.9145223099244645
0.257 0.9167152761882259
0.258 0.9180369629263178
0.259 0.9182030967341785
0.26 0.9195653939586363
0.261 0.9209350749078881
0.262 0.9215700752401557
0.263 0.9225336513257478
0.264 0.9227514712071652
0.265 0.9232941749795102
0.266 0.923803651990283
0.267 0.9243315883130404
0.268 0.9247155420023185
0.269 0.9260335368780135
0.27 0.9275028981119816
0.271 0.9289796430707434
0.272 0.9292343815761299
0.273 0.9313572024543502
0.274 0.9318999062266952
0.275 0.9334504884333951
0.276 0.9340559538664875
0.277 0.9352742684574661
0.278 0.9358538908537801
0.279 0.9365516528467951
0.28 0.9369097634992949
0.281 0.937175577591872
0.282 0.9392430205341387
0.283 0.9395125264891127
0.284 0.9399740092887258
0.285 0.9400773814358391
0.286 0.940317352491638
0.287 0.9406754631441377
0.288 0.9409855795854777
0.289 0.9410704924206065
0.29 0.9414359867979001
0.291 0.9415725857065855
0.292 0.9417128764776679
0.293 0.9422223534884407
0.294 0.9429238073438527
0.295 0.9450761631212481
0.296 0.9452053783051398
0.297 0.9452939830026655
0.298 0.9466968907134893
0.299 0.946826105897381
0.3 0.9471620653754993
0.301 0.9474168038808858
0.302 0.9475127923032053
0.303 0.9489932291243641
0.304 0.9509499161947236
0.305 0.9528106148427635
0.306 0.9530136672745934
0.307 0.9535969815333043
0.308 0.9537557316163712
0.309 0.9550257322809065
0.31 0.9563031166702355
0.311 0.9566243086987661
0.312 0.9568162855434053
0.313 0.9568162855434053
0.314 0.957170704333508
0.315 0.9585736120443319
0.316 0.9587471295769864
0.317 0.9612132936581188
0.318 0.9615455612738402
0.319 0.9621805616061078
0.32 0.962560823432989
0.321 0.9631367539669061
0.322 0.9633434982611329
0.323 0.9635428588305657
0.324 0.9636388472528852
0.325 0.9639489636942252
0.326 0.964340301108297
0.327 0.96609024388443
0.328 0.9680801577163616
0.329 0.9683201287721604
0.33 0.9686265533511035
0.331 0.9687040824614385
0.332 0.9687188499110261
0.333 0.9687520766725982
0.334 0.9688554488197116
0.335 0.9704171066136023
0.336 0.9704909438615404
0.337 0.970815827752468
0.338 0.9708564382388339
0.339 0.9712108570289368
0.34 0.9733558290815385
0.341 0.9737914688443733
0.342 0.9739096084410742
0.343 0.9739797538266154
0.344 0.9740055968633937
0.345 0.9742677190935739
0.346 0.9743157133047337
0.347 0.9752645219407382
0.348 0.9752645219407382
0.349 0.9756300163180318
0.35 0.9757149291531606
0.351 0.9758699873738306
0.352 0.9774353370301182
0.353 0.9775276335900408
0.354 0.9777085348474892
0.355 0.9778082151322056
0.356 0.9778155988569994
0.357 0.9778451337561747
0.358 0.9779226628665096
0.359 0.9779817326648601
0.36 0.9780814129495765
0.361 0.9782623142070249
0.362 0.9786019655475401
0.363 0.9787053376946534
0.364 0.9788936226768956
0.365 0.979070832071947
0.366 0.9792406577422046
0.367 0.9792406577422046
0.368 0.9793587973389056
0.369 0.9794363264492406
0.37 0.9796836812298332
0.371 0.9798165882761217
0.372 0.9811862692253734
0.373 0.9813708623452186
0.374 0.9813856297948063
0.375 0.9815997578138268
0.376 0.9816219089882082
0.377 0.9819135661175636
0.378 0.9820796999254244
0.379 0.9823565896051922
0.38 0.982363973329986
0.381 0.9823972000915582
0.382 0.9825116478258622
0.383 0.9825116478258622
0.384 0.982559642037022
0.385 0.9825817932114034
0.386 0.9826150199729755
0.387 0.9827479270192642
0.388 0.9828217642672022
0.389 0.9828217642672022
0.39 0.982829147991996
0.391 0.9828512991663775
0.392 0.9829140608271248
0.393 0.9829140608271248
0.394 0.9829325201391094
0.395 0.983183566782099
0.396 0.9840253114085932
0.397 0.9840253114085932
0.398 0.9840253114085932
0.399 0.9840253114085932
0.4 0.9840806893445467
0.401 0.9840880730693405
0.402 0.9840880730693405
0.403 0.9841729859044693
0.404 0.9842320557028198
0.405 0.9842320557028198
0.406 0.9842320557028198
0.407 0.9842320557028198
0.408 0.9842320557028198
0.409 0.9853580737338757
0.41 0.9853765330458604
0.411 0.9853765330458604
0.412 0.9853765330458604
0.413 0.985391300495448
0.414 0.9853986842202418
0.415 0.9853986842202418
0.416 0.9853986842202418
0.417 0.9853986842202418
0.418 0.985428219119417
0.419 0.9854356028442108
0.42 0.9854429865690046
0.421 0.9854429865690046
0.422 0.9854429865690046
0.423 0.9854540621561954
0.424 0.9854909807801644
0.425 0.9854909807801644
0.426 0.9854909807801644
0.427 0.985620195964056
0.428 0.985620195964056
0.429 0.9856829576248034
0.43 0.9857051087991848
0.431 0.9857051087991848
0.432 0.9859155449558084
0.433 0.9860299926901125
0.434 0.9860299926901125
0.435 0.9860299926901125
0.436 0.9860299926901125
0.437 0.9860299926901125
0.438 0.9860299926901125
0.439 0.9860299926901125
0.44 0.9860299926901125
0.441 0.9860299926901125
0.442 0.9860373764149063
0.443 0.9860373764149063
0.444 0.9860373764149063
0.445 0.9860373764149063
0.446 0.9860779869012722
0.447 0.9862884230578958
0.448 0.9862884230578958
0.449 0.9862884230578958
0.45 0.9863622603058338
0.451 0.9863622603058338
0.452 0.9864397894161688
0.453 0.9864582487281534
0.454 0.9867277546831275
0.455 0.9868052837934624
0.456 0.9871006327852149
0.457 0.9878980750629462
0.458 0.9879313018245184
0.459 0.9883300229633841
0.46 0.9883374066881779
0.461 0.9884333951104974
0.462 0.9897772330229707
0.463 0.9897772330229707
0.464 0.9898953726196718
0.465 0.9899027563444656
0.466 0.9899027563444656
0.467 0.9899175237940532
0.468 0.9899175237940532
0.469 0.9909992394763463
0.47 0.9909992394763463
0.471 0.9910324662379184
0.472 0.9910324662379184
0.473 0.9910324662379184
0.474 0.9910546174122998
0.475 0.9910546174122998
0.476 0.9910546174122998
0.477 0.9920477283970672
0.478 0.9920477283970672
0.479 0.9920477283970672
0.48 0.9928156357756234
0.481 0.9928156357756234
0.482 0.9928156357756234
0.483 0.9928156357756234
0.484 0.9928783974363707
0.485 0.9928783974363707
0.486 0.9928783974363707
0.487 0.9928783974363707
0.488 0.9929005486107522
0.489 0.9929005486107522
0.49 0.9929005486107522
0.491 0.9929005486107522
0.492 0.9929559265467057
0.493 0.9929559265467057
0.494 0.9929559265467057
0.495 0.9929559265467057
0.496 0.9929559265467057
0.497 0.9929780777210871
0.498 0.9929780777210871
0.499 0.9929780777210871
0.5 0.9931479033913448
0.501 0.9931700545657263
0.502 0.9931700545657263
0.503 0.9931700545657263
0.504 0.9931700545657263
0.505 0.9931922057401077
0.506 0.9931922057401077
0.507 0.9931922057401077
0.508 0.9939601131186638
0.509 0.9939601131186638
0.51 0.9939601131186638
0.511 0.9940597934033802
0.512 0.9940597934033802
0.513 0.9940597934033802
0.514 0.9940745608529679
0.515 0.9940745608529679
0.516 0.9940745608529679
0.517 0.9940745608529679
0.518 0.9940745608529679
0.519 0.9940745608529679
0.52 0.9940745608529679
0.521 0.9940745608529679
0.522 0.9940745608529679
0.523 0.9940745608529679
0.524 0.9940930201649524
0.525 0.9940930201649524
0.526 0.9940930201649524
0.527 0.9940930201649524
0.528 0.9940930201649524
0.529 0.9940930201649524
0.53 0.9940930201649524
0.531 0.9940930201649524
0.532 0.9940930201649524
0.533 0.9940930201649524
0.534 0.9940930201649524
0.535 0.9940930201649524
0.536 0.9940930201649524
0.537 0.9940930201649524
0.538 0.9940930201649524
0.539 0.9941004038897462
0.54 0.9941004038897462
0.541 0.9941004038897462
0.542 0.9941004038897462
0.543 0.9941004038897462
0.544 0.9941004038897462
0.545 0.9941004038897462
0.546 0.9941004038897462
0.547 0.9941004038897462
0.548 0.9941557818256997
0.549 0.9941557818256997
0.55 0.9941557818256997
0.551 0.9941557818256997
0.552 0.9941631655504936
0.553 0.9941705492752874
0.554 0.9941705492752874
0.555 0.9941705492752874
0.556 1.0
0.557 1.0
0.558 1.0
0.559 1.0
0.56 1.0
0.561 1.0
0.562 1.0
0.563 1.0
0.564 1.0
0.565 1.0
0.566 1.0
0.567 1.0
0.568 1.0
0.569 1.0
0.57 1.0
0.571 1.0
0.572 1.0
0.573 1.0
0.574 1.0
0.575 1.0
0.576 1.0
0.577 1.0
0.578 1.0
0.579 1.0
0.58 1.0
0.581 1.0
0.582 1.0
0.583 1.0
0.584 1.0
0.585 1.0
0.586 1.0
0.587 1.0
0.588 1.0
0.589 1.0
0.59 1.0
0.591 1.0
0.592 1.0
0.593 1.0
0.594 1.0
0.595 1.0
0.596 1.0
0.597 1.0
0.598 1.0
0.599 1.0
0.6 1.0
0.601 1.0
0.602 1.0
0.603 1.0
0.604 1.0
0.605 1.0
0.606 1.0
0.607 1.0
0.608 1.0
0.609 1.0
0.61 1.0
0.611 1.0
0.612 1.0
0.613 1.0
0.614 1.0
0.615 1.0
0.616 1.0
0.617 1.0
0.618 1.0
0.619 1.0
0.62 1.0
0.621 1.0
0.622 1.0
0.623 1.0
0.624 1.0
0.625 1.0
0.626 1.0
0.627 1.0
0.628 1.0
0.629 1.0
0.63 1.0
0.631 1.0
0.632 1.0
0.633 1.0
0.634 1.0
0.635 1.0
0.636 1.0
0.637 1.0
0.638 1.0
0.639 1.0
0.64 1.0
0.641 1.0
0.642 1.0
0.643 1.0
0.644 1.0
0.645 1.0
0.646 1.0
0.647 1.0
0.648 1.0
0.649 1.0
0.65 1.0
0.651 1.0
0.652 1.0
0.653 1.0
0.654 1.0
0.655 1.0
0.656 1.0
0.657 1.0
0.658 1.0
0.659 1.0
0.66 1.0
0.661 1.0
0.662 1.0
0.663 1.0
0.664 1.0
0.665 1.0
0.666 1.0
0.667 1.0
0.668 1.0
0.669 1.0
0.67 1.0
0.671 1.0
0.672 1.0
0.673 1.0
0.674 1.0
0.675 1.0
0.676 1.0
0.677 1.0
0.678 1.0
0.679 1.0
0.68 1.0
0.681 1.0
0.682 1.0
0.683 1.0
0.684 1.0
0.685 1.0
0.686 1.0
0.687 1.0
0.688 1.0
0.689 1.0
0.69 1.0
0.691 1.0
0.692 1.0
0.693 1.0
0.694 1.0
0.695 1.0
0.696 1.0
0.697 1.0
0.698 1.0
0.699 1.0
0.7 1.0
0.701 1.0
0.702 1.0
0.703 1.0
0.704 1.0
0.705 1.0
0.706 1.0
0.707 1.0
0.708 1.0
0.709 1.0
0.71 1.0
0.711 1.0
0.712 1.0
0.713 1.0
0.714 1.0
0.715 1.0
0.716 1.0
0.717 1.0
0.718 1.0
0.719 1.0
0.72 1.0
0.721 1.0
0.722 1.0
0.723 1.0
0.724 1.0
0.725 1.0
0.726 1.0
0.727 1.0
0.728 1.0
0.729 1.0
0.73 1.0
0.731 1.0
0.732 1.0
0.733 1.0
0.734 1.0
0.735 1.0
0.736 1.0
0.737 1.0
0.738 1.0
0.739 1.0
0.74 1.0
0.741 1.0
0.742 1.0
0.743 1.0
0.744 1.0
0.745 1.0
0.746 1.0
0.747 1.0
0.748 1.0
0.749 1.0
0.75 1.0
0.751 1.0
0.752 1.0
0.753 1.0
0.754 1.0
0.755 1.0
0.756 1.0
0.757 1.0
0.758 1.0
0.759 1.0
0.76 1.0
0.761 1.0
0.762 1.0
0.763 1.0
0.764 1.0
0.765 1.0
0.766 1.0
0.767 1.0
0.768 1.0
0.769 1.0
0.77 1.0
0.771 1.0
0.772 1.0
0.773 1.0
0.774 1.0
0.775 1.0
0.776 1.0
0.777 1.0
0.778 1.0
0.779 1.0
0.78 1.0
0.781 1.0
0.782 1.0
0.783 1.0
0.784 1.0
0.785 1.0
0.786 1.0
0.787 1.0
0.788 1.0
0.789 1.0
0.79 1.0
0.791 1.0
0.792 1.0
0.793 1.0
0.794 1.0
0.795 1.0
0.796 1.0
0.797 1.0
0.798 1.0
0.799 1.0
0.8 1.0
0.801 1.0
0.802 1.0
0.803 1.0
0.804 1.0
0.805 1.0
0.806 1.0
0.807 1.0
0.808 1.0
0.809 1.0
0.81 1.0
0.811 1.0
0.812 1.0
0.813 1.0
0.814 1.0
0.815 1.0
0.816 1.0
0.817 1.0
0.818 1.0
0.819 1.0
0.82 1.0
0.821 1.0
0.822 1.0
0.823 1.0
0.824 1.0
0.825 1.0
0.826 1.0
0.827 1.0
0.828 1.0
0.829 1.0
0.83 1.0
0.831 1.0
0.832 1.0
0.833 1.0
0.834 1.0
0.835 1.0
0.836 1.0
0.837 1.0
0.838 1.0
0.839 1.0
0.84 1.0
0.841 1.0
0.842 1.0
0.843 1.0
0.844 1.0
0.845 1.0
0.846 1.0
0.847 1.0
0.848 1.0
0.849 1.0
0.85 1.0
0.851 1.0
0.852 1.0
0.853 1.0
0.854 1.0
0.855 1.0
0.856 1.0
0.857 1.0
0.858 1.0
0.859 1.0
0.86 1.0
0.861 1.0
0.862 1.0
0.863 1.0
0.864 1.0
0.865 1.0
0.866 1.0
0.867 1.0
0.868 1.0
0.869 1.0
0.87 1.0
0.871 1.0
0.872 1.0
0.873 1.0
0.874 1.0
0.875 1.0
0.876 1.0
0.877 1.0
0.878 1.0
0.879 1.0
0.88 1.0
0.881 1.0
0.882 1.0
0.883 1.0
0.884 1.0
0.885 1.0
0.886 1.0
0.887 1.0
0.888 1.0
0.889 1.0
0.89 1.0
0.891 1.0
0.892 1.0
0.893 1.0
0.894 1.0
0.895 1.0
0.896 1.0
0.897 1.0
0.898 1.0
0.899 1.0
0.9 1.0
0.901 1.0
0.902 1.0
0.903 1.0
0.904 1.0
0.905 1.0
0.906 1.0
0.907 1.0
0.908 1.0
0.909 1.0
0.91 1.0
0.911 1.0
0.912 1.0
0.913 1.0
0.914 1.0
0.915 1.0
0.916 1.0
0.917 1.0
0.918 1.0
0.919 1.0
0.92 1.0
0.921 1.0
0.922 1.0
0.923 1.0
0.924 1.0
0.925 1.0
0.926 1.0
0.927 1.0
0.928 1.0
0.929 1.0
0.93 1.0
0.931 1.0
0.932 1.0
0.933 1.0
0.934 1.0
0.935 1.0
0.936 1.0
0.937 1.0
0.938 1.0
0.939 1.0
0.94 1.0
0.941 1.0
0.942 1.0
0.943 1.0
0.944 1.0
0.945 1.0
0.946 1.0
0.947 1.0
0.948 1.0
0.949 1.0
0.95 1.0
0.951 1.0
0.952 1.0
0.935 1.0
0.953 1.0
0.954 1.0
0.955 1.0
0.956 1.0
0.957 1.0
0.958 1.0
0.959 1.0
0.96 1.0
0.961 1.0
0.962 1.0
0.963 1.0
0.964 1.0
0.965 1.0
0.966 1.0
0.967 1.0
0.968 1.0
0.969 1.0
0.97 1.0
0.971 1.0
0.972 1.0
0.973 1.0
0.974 1.0
0.975 1.0
0.976 1.0
0.977 1.0
0.978 1.0
0.979 1.0
0.98 1.0
0.981 1.0
0.982 1.0
0.983 1.0
0.984 1.0
0.985 1.0
0.986 1.0
0.987 1.0
0.988 1.0
0.989 1.0
0.99 1.0
0.991 1.0
0.992 1.0
0.993 1.0
0.994 1.0
0.995 1.0
0.996 1.0
0.997 1.0
0.998 1.0
0.999 1.0
1.0 1.0
